1004	1102
101	2237
110	2794
1146	1426
117	1026
123	1302
12925	1467
13041	1051
1327	1786
1393	1161
14098	1291
147	1779
15832	1143
16010	1316
161	1010
16217	1166
170	3099
185	1376
19	1005
201	1133
2238	1715
225	3257
237	3032
249	1160
255	1474
270	1734
271	2094
286	1183
301	1204
310	2594
32	15167
338	1274
36	2936
37	1074
38	15596
39	50675
41	14945
413	1880
438	1863
475	2167
48	42135
49	1120
533	1487
548	1137
589	1119
592	1227
60	1489
604	1209
65	4472
677	1110
740	1181
78	1060
79	1600
824	1210
89	3837
9	1372
