38	39	32
38	41	32
38	48	32
39	41	32
39	48	32
41	48	32
38	39	36
38	48	36
39	48	36
110	170	38
110	286	38
170	286	38
39	110	38
39	170	38
39	286	38
39	41	38
39	48	38
41	110	38
41	170	38
41	286	38
41	48	38
48	110	38
48	170	38
48	286	38
101	110	39
101	1327	39
101	147	39
101	170	39
101	2238	39
101	225	39
101	237	39
101	255	39
101	270	39
101	271	39
101	310	39
101	413	39
101	438	39
101	475	39
110	1327	39
110	147	39
110	170	39
110	2238	39
110	225	39
110	237	39
110	255	39
110	270	39
110	271	39
110	310	39
110	413	39
110	438	39
110	475	39
1327	2238	39
147	1327	39
147	170	39
147	2238	39
147	225	39
147	237	39
147	255	39
147	270	39
147	271	39
147	310	39
147	413	39
147	438	39
147	475	39
170	1327	39
170	2238	39
170	225	39
170	237	39
170	255	39
170	270	39
170	271	39
170	310	39
170	413	39
170	438	39
170	475	39
225	1327	39
225	2238	39
225	237	39
225	255	39
225	270	39
225	271	39
225	310	39
225	413	39
225	438	39
225	475	39
237	1327	39
237	2238	39
237	255	39
237	270	39
237	271	39
237	310	39
237	413	39
237	438	39
237	475	39
255	1327	39
255	2238	39
255	270	39
255	271	39
255	310	39
255	413	39
255	438	39
255	475	39
270	1327	39
270	2238	39
270	271	39
270	310	39
270	413	39
270	438	39
270	475	39
271	1327	39
271	2238	39
271	310	39
271	413	39
271	438	39
271	475	39
310	1327	39
310	2238	39
310	413	39
310	438	39
310	475	39
41	101	39
41	110	39
41	1327	39
41	147	39
41	170	39
41	2238	39
41	225	39
41	237	39
41	255	39
41	270	39
41	271	39
41	310	39
41	413	39
41	438	39
41	475	39
41	48	39
41	65	39
41	79	39
41	89	39
413	1327	39
413	2238	39
413	438	39
413	475	39
438	1327	39
438	2238	39
438	475	39
475	1327	39
475	2238	39
48	101	39
48	110	39
48	1327	39
48	147	39
48	170	39
48	2238	39
48	225	39
48	237	39
48	255	39
48	270	39
48	271	39
48	310	39
48	413	39
48	438	39
48	475	39
48	65	39
48	79	39
48	89	39
65	101	39
65	110	39
65	1327	39
65	147	39
65	170	39
65	2238	39
65	225	39
65	237	39
65	255	39
65	270	39
65	271	39
65	310	39
65	413	39
65	438	39
65	475	39
65	79	39
65	89	39
79	101	39
79	110	39
79	1327	39
79	147	39
79	170	39
79	2238	39
79	225	39
79	237	39
79	255	39
79	270	39
79	271	39
79	310	39
79	413	39
79	438	39
79	475	39
79	89	39
89	101	39
89	110	39
89	1327	39
89	147	39
89	170	39
89	2238	39
89	225	39
89	237	39
89	255	39
89	270	39
89	271	39
89	310	39
89	413	39
89	438	39
89	475	39
101	110	48
101	147	48
101	170	48
101	225	48
101	237	48
101	255	48
101	271	48
101	310	48
101	413	48
101	438	48
101	475	48
110	147	48
110	170	48
110	225	48
110	237	48
110	255	48
110	271	48
110	310	48
110	413	48
110	438	48
110	475	48
147	170	48
147	225	48
147	237	48
147	255	48
147	271	48
147	310	48
147	413	48
147	438	48
147	475	48
170	225	48
170	237	48
170	255	48
170	271	48
170	310	48
170	413	48
170	438	48
170	475	48
225	237	48
225	255	48
225	271	48
225	310	48
225	413	48
225	438	48
225	475	48
237	255	48
237	271	48
237	310	48
237	413	48
237	438	48
237	475	48
255	271	48
255	310	48
255	413	48
255	438	48
255	475	48
271	310	48
271	413	48
271	438	48
271	475	48
310	413	48
310	438	48
310	475	48
413	438	48
413	475	48
438	475	48
65	101	48
65	110	48
65	147	48
65	170	48
65	225	48
65	237	48
65	255	48
65	271	48
65	310	48
65	413	48
65	438	48
65	475	48
65	89	48
89	101	48
89	110	48
89	147	48
89	170	48
89	225	48
89	237	48
89	255	48
89	271	48
89	310	48
89	413	48
89	438	48
89	475	48
