32	39	38
32	41	39
32	41	38
32	48	39
32	48	38
32	48	41
36	39	38
36	48	39
36	48	38
38	170	110
38	286	110
38	286	170
38	39	286
38	39	110
38	39	170
38	41	39
38	41	286
38	41	110
38	41	170
38	48	41
38	48	39
38	48	286
38	48	110
38	48	170
39	110	101
39	1327	101
39	1327	110
39	147	101
39	147	110
39	147	1327
39	170	147
39	170	101
39	170	110
39	170	1327
39	2238	170
39	2238	147
39	2238	101
39	2238	110
39	2238	1327
39	225	147
39	225	1327
39	225	2238
39	225	110
39	225	101
39	225	170
39	237	147
39	237	1327
39	237	2238
39	237	110
39	237	225
39	237	101
39	237	170
39	255	147
39	255	237
39	255	1327
39	255	2238
39	255	110
39	255	225
39	255	101
39	255	170
39	270	147
39	270	237
39	270	1327
39	270	2238
39	270	255
39	270	110
39	270	225
39	270	101
39	270	170
39	271	147
39	271	237
39	271	1327
39	271	2238
39	271	270
39	271	255
39	271	110
39	271	225
39	271	101
39	271	170
39	310	147
39	310	237
39	310	1327
39	310	2238
39	310	270
39	310	255
39	310	271
39	310	110
39	310	225
39	310	101
39	310	170
39	41	147
39	41	237
39	41	1327
39	41	2238
39	41	270
39	41	310
39	41	255
39	41	271
39	41	110
39	41	225
39	41	101
39	41	170
39	413	147
39	413	237
39	413	1327
39	413	2238
39	413	270
39	413	310
39	413	41
39	413	255
39	413	271
39	413	110
39	413	225
39	413	101
39	413	170
39	438	147
39	438	237
39	438	1327
39	438	2238
39	438	270
39	438	310
39	438	41
39	438	255
39	438	271
39	438	110
39	438	413
39	438	225
39	438	101
39	438	170
39	475	147
39	475	237
39	475	1327
39	475	2238
39	475	270
39	475	310
39	475	41
39	475	255
39	475	271
39	475	110
39	475	438
39	475	413
39	475	225
39	475	101
39	475	170
39	48	147
39	48	237
39	48	1327
39	48	2238
39	48	270
39	48	310
39	48	475
39	48	41
39	48	255
39	48	271
39	48	110
39	48	438
39	48	413
39	48	225
39	48	101
39	48	170
39	65	147
39	65	237
39	65	1327
39	65	48
39	65	2238
39	65	270
39	65	310
39	65	475
39	65	41
39	65	255
39	65	271
39	65	110
39	65	438
39	65	413
39	65	225
39	65	101
39	65	170
39	79	147
39	79	237
39	79	65
39	79	1327
39	79	48
39	79	2238
39	79	270
39	79	310
39	79	475
39	79	41
39	79	255
39	79	271
39	79	110
39	79	438
39	79	413
39	79	225
39	79	101
39	79	170
39	89	147
39	89	237
39	89	65
39	89	1327
39	89	48
39	89	2238
39	89	270
39	89	310
39	89	475
39	89	41
39	89	255
39	89	271
39	89	110
39	89	438
39	89	413
39	89	225
39	89	101
39	89	79
39	89	170
48	110	101
48	147	101
48	147	110
48	170	147
48	170	101
48	170	110
48	225	147
48	225	101
48	225	110
48	225	170
48	237	147
48	237	225
48	237	101
48	237	110
48	237	170
48	255	147
48	255	237
48	255	110
48	255	225
48	255	101
48	255	170
48	271	147
48	271	237
48	271	255
48	271	110
48	271	225
48	271	101
48	271	170
48	310	147
48	310	237
48	310	255
48	310	271
48	310	110
48	310	225
48	310	101
48	310	170
48	413	147
48	413	237
48	413	310
48	413	255
48	413	271
48	413	110
48	413	225
48	413	101
48	413	170
48	438	147
48	438	237
48	438	310
48	438	255
48	438	271
48	438	110
48	438	413
48	438	225
48	438	101
48	438	170
48	475	147
48	475	237
48	475	310
48	475	255
48	475	271
48	475	110
48	475	438
48	475	413
48	475	225
48	475	101
48	475	170
48	65	147
48	65	237
48	65	310
48	65	475
48	65	255
48	65	271
48	65	110
48	65	438
48	65	413
48	65	225
48	65	101
48	65	170
48	89	147
48	89	237
48	89	65
48	89	310
48	89	475
48	89	255
48	89	271
48	89	110
48	89	438
48	89	413
48	89	225
48	89	101
48	89	170
